===============================================================================
Hex \ Move type  M | SH |  S | SL | SF | OB | OS | LB | LS | LF | I2 | I1 | LD 
-------------------------------------------------------------------------------
Main Fortress   60 | 30 | 30 | 40 | 30 | 30 | 30 | 40 | 60 | 40 | 40 | 40 | 60 
Fortress        40 | 30 | 30 | 40 | 30 | 30 | 30 | 40 | 60 | 40 | 40 | 40 | 60 
Tower           40 | 30 | 30 | 40 | 30 | 30 | 30 | 40 | 60 | 40 | 40 | 40 | 60 
Dune             0 | 30 | 30 | 30 | 30 | 25 | 25 | 30 | 30 | 30 | 30 | 30 | 60 
Forest           0 | 30 | 30 | 40 | 30 | 30 | 25 | 40 | 60 | 50 | 40 | 50 | 60 
Grassland        0 | 30 | 30 | 30 | 30 | 25 | 25 | 20 | 40 | 30 | 20 | 30 | 40 
Mountain         0 | 30 | 30 | 40 | 30 | 10 | 10 | 60 | 50 | 40 | 60 | 40 | 60 
Ocean            0 | 30 | 30 | 30 | 30 | 80 | 60 | 10 | 10 | 10 | 10 | 10 | 10 
River            0 | 30 | 30 | 30 | 30 | 60 | 80 | 10 | 20 | 20 | 10 | 20 | 40 
Rocky Tracts     0 | 30 | 30 | 40 | 30 | 10 | 10 | 60 | 50 | 40 | 60 | 40 | 60 
Swamp            0 | 30 | 30 | 30 | 30 | 60 | 80 | 20 | 20 | 20 | 20 | 20 | 40 
Tundra           0 | 30 | 30 | 40 | 30 | 30 | 30 | 20 | 20 | 20 | 60 | 70 | 20 
Volcano          0 | 60 | 10 | 10 | 70 | 10 | 10 | 10 | 10 | 70 | 10 | 20 | 10 
===============================================================================
